40 0 0.0953333 0
40.0297 0 0.100333 0
40.0588 0 0.111333 0
40.0883 0 0.112 0
40.1179 0 0.093 0
40.1463 0 0.107333 0
40.175 0 0.092 0
40.2048 0 0.098 0
40.2344 0 0.0913333 0
40.2638 0 0.0916667 0
40.2931 0 0.108667 0
40.3229 0 0.100333 0
40.3529 0 0.108 0
40.3831 0 0.104333 0
40.4134 0 0.0963333 0
40.4432 0 0.0986667 0
40.4728 0 0.0983333 0
40.5028 0 0.104667 0
40.5321 0 0.103667 0
40.5632 0 0.0893333 0
40.5927 0 0.113333 0
40.6224 0 0.108 0
40.6535 0 0.096 0
40.6838 0 0.100667 0
40.7138 0 0.113667 0
40.7443 0 0.108 0
40.7736 0 0.0986667 0
40.8052 0 0.0973333 0
40.8356 0 0.0883333 0
40.8664 0 0.0983333 0
40.8969 0 0.0963333 0
40.9274 0 0.0923333 0
40.9588 0 0.113 0
40.9901 0 0.099 0
41.021 0 0.0936667 0
41.0526 0 0.0966667 0
41.0823 0 0.0986667 0
41.1129 0 0.0953333 0
41.1436 0 0.106 0
41.1747 0 0.0963333 0
41.2051 0 0.0953333 0
41.2355 0 0.103 0
41.2663 0 0.103333 0
41.2972 0 0.102667 0
41.329 0 0.099 0
41.3592 0 0.105333 0
41.39 0 0.100333 0
41.4211 0 0.112333 0
41.4525 0 0.094 0
41.4829 0 0.0966667 0
41.5139 0 0.106 0
41.5453 0 0.097 0
41.5763 0 0.0913333 0
41.6065 0 0.091 0
41.6378 0 0.0833333 0
41.6689 0 0.103 0
41.7002 0 0.105333 0
41.731 0 0.099 0
41.7625 0 0.0903333 0
41.7949 0 0.111 0
41.8261 0 0.107333 0
41.8573 0 0.098 0
41.8888 0 0.0983333 0
41.9195 0 0.11 0
41.9517 0 0.0973333 0
41.9833 0 0.100667 0
42.0147 0 0.101 0
42.0465 0 0.107667 0
42.0793 0 0.104333 0
42.1107 0 0.102 0
42.1432 0 0.0956667 0
42.1746 0 0.105 0
42.2061 0 0.0996667 0
42.2379 0 0.104 0
42.2695 0 0.0913333 0
42.3017 0 0.101333 0
42.334 0 0.108333 0
42.3661 0 0.106333 0
42.3976 0 0.100333 0
42.4293 0 0.0966667 0
42.4616 0 0.101 0
42.4934 0 0.108 0
42.5258 0 0.107 0
42.5582 0 0.0923333 0
42.5893 0 0.109 0
42.621 0 0.0943333 0
42.6539 0 0.102333 0
42.6863 0 0.100667 0
42.7181 0 0.096 0
42.7507 0 0.092 0
42.7831 0 0.109667 0
42.816 0 0.099 0
42.8481 0 0.0993333 0
42.8814 0 0.103333 0
42.9134 0 0.107 0
42.9459 0 0.103 0
42.9793 0 0.098 0
43.0119 0 0.105667 0
43.0441 0 0.0936667 0
43.0763 0 0.106 0
43.1091 0 0.099 0
43.1406 0 0.100333 0
43.1728 0 0.105 0
43.2043 0 0.0923333 0
43.2364 0 0.0983333 0
43.2699 0 0.111 0
43.3021 0 0.122333 0
43.3345 0 0.0996667 0
43.3663 0 0.095 0
43.4005 0 0.104333 0
43.4338 0 0.101 0
43.4671 0 0.0903333 0
43.5003 0 0.105 0
43.534 0 0.0953333 0
43.5665 0 0.103667 0
43.5993 0 0.106 0
43.632 0 0.107 0
43.6645 0 0.0863333 0
43.6982 0 0.108667 0
43.731 0 0.102 0
43.7635 0 0.111 0
43.7962 0 0.103333 0
43.8303 0 0.092 0
43.8643 0 0.0973333 0
43.8967 0 0.102333 0
43.9304 0 0.098 0
43.9639 0 0.114333 0
43.9975 0 0.106333 0
44.031 0 0.108333 0
44.0643 0 0.105 0
44.0977 0 0.0993333 0
44.1308 0 0.107667 0
44.1644 0 0.104333 0
44.1982 0 0.099 0
44.2309 0 0.103 0
44.2641 0 0.106667 0
44.2989 0 0.108333 0
44.3324 0 0.106667 0
44.366 0 0.0956667 0
44.4003 0 0.104667 0
44.433 0 0.11 0
44.466 0 0.106333 0
44.5003 0 0.0993333 0
44.5341 0 0.0976667 0
44.5688 0 0.101 0
44.6034 0 0.103333 0
44.6383 0 0.104 0
44.6736 0 0.101333 0
44.7081 0 0.109333 0
44.7409 0 0.109333 0
44.7759 0 0.107 0
44.8106 0 0.111333 0
44.8444 0 0.112 0
44.8785 0 0.110667 0
44.9128 0 0.103 0
44.9464 0 0.0993333 0
44.981 0 0.108 0
45.0154 0 0.108 0
45.05 0 0.118333 0
45.0849 0 0.107333 0
45.1192 0 0.113 0
45.1544 0 0.105333 0
45.1901 0 0.0996667 0
45.2256 0 0.102667 0
45.2603 0 0.105 0
45.2955 0 0.106 0
45.3305 0 0.102 0
45.3658 0 0.105667 0
45.4003 0 0.104 0
45.436 0 0.098 0
45.472 0 0.107333 0
45.5068 0 0.100333 0
45.542 0 0.104333 0
45.5778 0 0.105333 0
45.6133 0 0.101667 0
45.6483 0 0.101 0
45.684 0 0.104667 0
45.7187 0 0.111333 0
45.7544 0 0.107333 0
45.7893 0 0.11 0
45.8251 0 0.0986667 0
45.8596 0 0.104333 0
45.8947 0 0.103333 0
45.9295 0 0.102333 0
45.9652 0 0.103667 0
46.0009 0 0.106667 0
46.0369 0 0.0986667 0
46.0724 0 0.101333 0
46.1083 0 0.108333 0
46.1439 0 0.101333 0
46.1801 0 0.105667 0
46.2155 0 0.0986667 0
46.2509 0 0.113 0
46.2866 0 0.125333 0
46.3214 0 0.117333 0
46.3565 0 0.103667 0
46.3918 0 0.111 0
46.4271 0 0.108 0
46.4634 0 0.114667 0
46.5007 0 0.119 0
46.5372 0 0.117333 0
46.5741 0 0.103667 0
46.6103 0 0.117 0
46.6457 0 0.121333 0
46.6814 0 0.111 0
46.7172 0 0.112333 0
46.7536 0 0.117667 0
46.7901 0 0.111 0
46.8262 0 0.109 0
46.8612 0 0.121 0
46.8981 0 0.109667 0
46.9349 0 0.119333 0
46.9724 0 0.116 0
47.0096 0 0.120333 0
47.0458 0 0.119333 0
47.0839 0 0.108 0
47.1202 0 0.118667 0
47.1566 0 0.120333 0
47.1932 0 0.117333 0
47.2303 0 0.126667 0
47.2674 0 0.125333 0
47.3053 0 0.120667 0
47.3416 0 0.104333 0
47.3788 0 0.110667 0
47.4151 0 0.118333 0
47.4511 0 0.116 0
47.488 0 0.117667 0
47.5249 0 0.113 0
47.5617 0 0.116333 0
47.5989 0 0.110333 0
47.6355 0 0.103 0
47.6732 0 0.107667 0
47.7099 0 0.117 0
47.7469 0 0.107 0
47.783 0 0.111 0
47.8206 0 0.121667 0
47.8579 0 0.118333 0
47.895 0 0.110333 0
47.9323 0 0.121 0
47.9707 0 0.125333 0
48.0083 0 0.110667 0
48.0457 0 0.104333 0
48.0832 0 0.116333 0
48.1222 0 0.12 0
48.1594 0 0.105333 0
48.1969 0 0.108 0
48.2353 0 0.122 0
48.2728 0 0.118667 0
48.3117 0 0.113333 0
48.3503 0 0.125667 0
48.3876 0 0.117333 0
48.4262 0 0.115667 0
48.4636 0 0.11 0
48.5029 0 0.108667 0
48.5409 0 0.116 0
48.5803 0 0.124 0
48.6188 0 0.111667 0
48.6572 0 0.106 0
48.6959 0 0.116333 0
48.7338 0 0.117333 0
48.7723 0 0.112 0
48.8099 0 0.117667 0
48.8482 0 0.110333 0
48.8861 0 0.131 0
48.9245 0 0.106333 0
48.9633 0 0.112667 0
49.0027 0 0.116333 0
49.0406 0 0.117667 0
49.0796 0 0.111667 0
49.1179 0 0.116 0
49.156 0 0.119667 0
49.1949 0 0.124667 0
49.2347 0 0.119 0
49.2756 0 0.120667 0
49.315 0 0.128 0
49.3537 0 0.117 0
49.3936 0 0.114 0
49.4316 0 0.117 0
49.4706 0 0.109333 0
49.5105 0 0.104667 0
49.5489 0 0.108 0
49.5878 0 0.114667 0
49.6268 0 0.111 0
49.6655 0 0.107667 0
49.7037 0 0.106667 0
49.7423 0 0.113667 0
49.7819 0 0.106667 0
49.8212 0 0.107667 0
49.8608 0 0.11 0
49.8996 0 0.109667 0
49.9399 0 0.0996667 0
49.9807 0 0.108 0
50.0213 0 0.110333 0
50.0615 0 0.132333 0
50.0998 0 0.115333 0
50.1393 0 0.11 0
50.1792 0 0.109333 0
50.2177 0 0.111 0
50.2581 0 0.109 0
50.2976 0 0.119 0
50.3377 0 0.117 0
50.3775 0 0.123 0
50.4186 0 0.116333 0
50.4588 0 0.13 0
50.5006 0 0.122 0
50.5404 0 0.118333 0
50.5802 0 0.116333 0
50.6205 0 0.107333 0
50.6615 0 0.117333 0
50.7028 0 0.128333 0
50.7435 0 0.115667 0
50.7843 0 0.117333 0
50.8256 0 0.113333 0
50.8673 0 0.125667 0
50.9087 0 0.107667 0
50.9489 0 0.114333 0
50.99 0 0.117667 0
51.0323 0 0.121667 0
51.0723 0 0.124333 0
51.1133 0 0.116333 0
51.1553 0 0.124 0
51.1982 0 0.121667 0
51.2395 0 0.113333 0
51.2809 0 0.103 0
51.3224 0 0.114333 0
51.3638 0 0.129 0
51.4053 0 0.118333 0
51.4492 0 0.112333 0
51.4916 0 0.112667 0
51.5322 0 0.112 0
51.5751 0 0.117333 0
51.6168 0 0.118 0
51.6582 0 0.111667 0
51.6998 0 0.124333 0
51.7418 0 0.111 0
51.7832 0 0.119 0
51.8252 0 0.115 0
51.8677 0 0.119333 0
51.9106 0 0.120333 0
51.9524 0 0.117333 0
51.9941 0 0.124333 0
52.0356 0 0.112 0
52.0794 0 0.122333 0
52.1206 0 0.117333 0
52.1626 0 0.121 0
52.205 0 0.112667 0
52.2485 0 0.117333 0
52.2921 0 0.119667 0
52.3337 0 0.121 0
52.3744 0 0.108667 0
52.4166 0 0.126333 0
52.4595 0 0.112333 0
52.5007 0 0.120667 0
52.5452 0 0.129 0
52.5878 0 0.113333 0
52.6297 0 0.127 0
52.6715 0 0.121667 0
52.7154 0 0.118 0
52.7584 0 0.123 0
52.8022 0 0.121333 0
52.8447 0 0.113667 0
52.8865 0 0.109667 0
52.9294 0 0.114 0
52.973 0 0.117333 0
53.0166 0 0.115667 0
53.061 0 0.115 0
53.1055 0 0.113333 0
53.1496 0 0.135333 0
53.1934 0 0.112 0
53.2384 0 0.11 0
53.2814 0 0.125 0
53.3253 0 0.113333 0
53.3696 0 0.122 0
53.4135 0 0.105 0
53.4565 0 0.128 0
53.5005 0 0.121667 0
53.5435 0 0.117667 0
53.5884 0 0.132 0
53.6336 0 0.131333 0
53.6776 0 0.112333 0
53.7217 0 0.114667 0
53.7668 0 0.116333 0
53.8119 0 0.122 0
53.856 0 0.129 0
53.9004 0 0.129 0
53.9459 0 0.119333 0
53.9894 0 0.122 0
54.034 0 0.127667 0
54.0786 0 0.126333 0
54.123 0 0.123 0
54.1682 0 0.128333 0
54.2132 0 0.119667 0
54.257 0 0.127667 0
54.3006 0 0.135 0
54.3445 0 0.126 0
54.3888 0 0.119333 0
54.4338 0 0.121 0
54.4787 0 0.127 0
54.5238 0 0.115333 0
54.5697 0 0.122333 0
54.6153 0 0.116667 0
54.66 0 0.119333 0
54.7068 0 0.130333 0
54.7521 0 0.123333 0
54.7979 0 0.124667 0
54.843 0 0.126333 0
54.889 0 0.125667 0
54.9344 0 0.113667 0
54.9784 0 0.12 0
55.023 0 0.127667 0
55.0692 0 0.116333 0
55.1152 0 0.127 0
55.1631 0 0.117 0
55.213 0 0.117333 0
55.2601 0 0.118333 0
55.307 0 0.114667 0
55.3547 0 0.120333 0
55.4009 0 0.119 0
55.4471 0 0.116 0
55.4939 0 0.12 0
55.5414 0 0.120333 0
55.5883 0 0.115 0
55.6343 0 0.127667 0
55.6812 0 0.128 0
55.729 0 0.127 0
55.7753 0 0.116667 0
55.8213 0 0.124333 0
55.868 0 0.127333 0
55.9152 0 0.121333 0
55.9622 0 0.116 0
56.0091 0 0.112 0
56.0562 0 0.115667 0
56.1024 0 0.111 0
56.1488 0 0.123 0
56.1958 0 0.123 0
56.2426 0 0.111667 0
56.2894 0 0.124667 0
56.3361 0 0.120667 0
56.3849 0 0.129333 0
56.4331 0 0.128 0
56.4823 0 0.116667 0
56.5312 0 0.119 0
56.578 0 0.120333 0
56.6268 0 0.13 0
56.6771 0 0.111333 0
56.7252 0 0.115333 0
56.7738 0 0.110667 0
56.8216 0 0.123667 0
56.87 0 0.125667 0
56.9172 0 0.123333 0
56.9652 0 0.116333 0
57.012 0 0.133667 0
57.0613 0 0.116667 0
57.1102 0 0.118333 0
57.1585 0 0.112667 0
57.207 0 0.128667 0
57.2555 0 0.110667 0
57.3049 0 0.120667 0
57.3537 0 0.122333 0
57.4015 0 0.121667 0
57.4512 0 0.127667 0
57.5008 0 0.111667 0
57.552 0 0.116333 0
57.6018 0 0.117 0
57.6496 0 0.117333 0
57.6995 0 0.129333 0
57.7508 0 0.123667 0
57.7994 0 0.125 0
57.8491 0 0.113 0
57.8986 0 0.122333 0
57.949 0 0.139667 0
58.0003 0 0.144333 0
58.0502 0 0.140667 0
58.1017 0 0.151667 0
58.1523 0 0.134333 0
58.2039 0 0.133333 0
58.2543 0 0.141 0
58.3044 0 0.134 0
58.3542 0 0.146 0
58.4041 0 0.137333 0
58.4558 0 0.134333 0
58.5081 0 0.130667 0
58.5575 0 0.136 0
58.6102 0 0.144333 0
58.6586 0 0.137 0
58.7089 0 0.130667 0
58.761 0 0.137 0
58.8118 0 0.140333 0
58.8632 0 0.136 0
58.9134 0 0.141 0
58.9642 0 0.126667 0
59.0142 0 0.145333 0
59.0654 0 0.141 0
59.1164 0 0.129333 0
59.167 0 0.14 0
59.2176 0 0.136333 0
59.2692 0 0.142667 0
59.3222 0 0.132333 0
59.3746 0 0.138667 0
59.4267 0 0.139333 0
59.4783 0 0.14 0
59.5291 0 0.131 0
59.5805 0 0.128 0
59.6329 0 0.135 0
59.6848 0 0.131667 0
59.7376 0 0.143333 0
59.7918 0 0.143667 0
59.847 0 0.137667 0
59.9017 0 0.126333 0
59.9533 0 0.133 0
60.0054 0 0.148333 0
60.0565 0 0.136667 0
60.1083 0 0.133 0
60.1615 0 0.137 0
60.2153 0 0.126667 0
60.2681 0 0.13 0
60.3206 0 0.145333 0
60.3753 0 0.139667 0
60.4282 0 0.127 0
60.4826 0 0.128 0
60.5374 0 0.136 0
60.5926 0 0.127333 0
60.6465 0 0.142333 0
60.6996 0 0.130667 0
60.7523 0 0.138667 0
60.8064 0 0.140333 0
60.8613 0 0.133333 0
60.9159 0 0.142667 0
60.9718 0 0.134333 0
61.0264 0 0.139333 0
61.0817 0 0.134 0
61.1378 0 0.134333 0
61.1931 0 0.143 0
61.2493 0 0.136333 0
61.3032 0 0.143333 0
61.3583 0 0.121333 0
61.4131 0 0.134333 0
61.4689 0 0.137 0
61.5238 0 0.140667 0
61.5788 0 0.135667 0
61.6337 0 0.131667 0
61.6889 0 0.130333 0
61.7463 0 0.125667 0
61.8031 0 0.14 0
61.859 0 0.138333 0
61.915 0 0.131667 0
61.9714 0 0.138333 0
62.0294 0 0.137333 0
62.0865 0 0.140667 0
62.1435 0 0.131667 0
62.2005 0 0.134333 0
62.2576 0 0.141667 0
62.3151 0 0.120333 0
62.3726 0 0.144333 0
62.4294 0 0.140333 0
62.4873 0 0.13 0
62.5445 0 0.131 0
62.6012 0 0.136333 0
62.6591 0 0.136 0
62.7144 0 0.129333 0
62.7719 0 0.133 0
62.8287 0 0.132667 0
62.8856 0 0.13 0
62.9436 0 0.143 0
63.0006 0 0.132667 0
63.0587 0 0.128667 0
63.1167 0 0.129333 0
63.1733 0 0.13 0
63.2316 0 0.124333 0
63.2889 0 0.137 0
63.3465 0 0.124333 0
63.4046 0 0.128333 0
63.4615 0 0.135 0
63.5204 0 0.131667 0
63.5812 0 0.120667 0
63.6398 0 0.122667 0
63.6991 0 0.128667 0
63.7591 0 0.126667 0
63.8181 0 0.119667 0
63.8786 0 0.134667 0
63.9389 0 0.128667 0
63.9986 0 0.129 0
64.0585 0 0.130333 0
64.118 0 0.135 0
64.1759 0 0.125333 0
64.235 0 0.135 0
64.2949 0 0.116667 0
64.3565 0 0.131 0
64.4177 0 0.132 0
64.4788 0 0.138667 0
64.5383 0 0.133667 0
64.5981 0 0.124667 0
64.6597 0 0.132333 0
64.7211 0 0.123667 0
64.7825 0 0.126333 0
64.8444 0 0.133 0
64.9058 0 0.129333 0
64.9667 0 0.124333 0
65.0288 0 0.135333 0
65.0905 0 0.127667 0
65.152 0 0.133333 0
65.2125 0 0.120667 0
65.275 0 0.118667 0
65.3374 0 0.123667 0
65.4002 0 0.127 0
65.4608 0 0.137 0
65.523 0 0.124 0
65.5843 0 0.12 0
65.6485 0 0.126667 0
65.7109 0 0.126667 0
65.7742 0 0.119667 0
65.8391 0 0.130333 0
65.904 0 0.135667 0
65.9673 0 0.115667 0
66.0318 0 0.129333 0
66.0941 0 0.12 0
66.1579 0 0.128 0
66.2212 0 0.116 0
66.2835 0 0.124333 0
66.3487 0 0.122 0
66.4134 0 0.135333 0
66.478 0 0.129 0
66.542 0 0.124667 0
66.6061 0 0.132667 0
66.6694 0 0.135667 0
66.7318 0 0.137667 0
66.797 0 0.124333 0
66.8606 0 0.116667 0
66.927 0 0.134667 0
66.9932 0 0.14 0
67.059 0 0.118 0
67.1244 0 0.119667 0
67.1905 0 0.119333 0
67.2576 0 0.130333 0
67.3219 0 0.132 0
67.3865 0 0.129667 0
67.4546 0 0.128 0
67.5209 0 0.118667 0
67.5887 0 0.138667 0
67.6556 0 0.135667 0
67.7249 0 0.124333 0
67.7924 0 0.113 0
67.8601 0 0.143 0
67.9272 0 0.124667 0
67.9946 0 0.134333 0
68.0594 0 0.127667 0
68.1237 0 0.136333 0
68.19 0 0.128667 0
68.2591 0 0.13 0
68.3273 0 0.137 0
68.3958 0 0.131667 0
68.4631 0 0.136333 0
68.5313 0 0.117333 0
68.5987 0 0.136 0
68.6684 0 0.135667 0
68.7356 0 0.143 0
68.8064 0 0.132667 0
68.8754 0 0.133667 0
68.9444 0 0.143667 0
69.0128 0 0.137667 0
69.0833 0 0.137667 0
69.1512 0 0.132667 0
69.2217 0 0.136 0
69.2905 0 0.146667 0
69.3596 0 0.123667 0
69.4282 0 0.123 0
69.4984 0 0.141333 0
69.567 0 0.121667 0
69.6378 0 0.136333 0
69.7077 0 0.131 0
69.7786 0 0.134667 0
69.8506 0 0.131 0
69.9205 0 0.134333 0
69.9934 0 0.144667 0
70.0624 0 0.133 0
70.1321 0 0.139 0
70.2037 0 0.134333 0
70.2785 0 0.143333 0
70.3515 0 0.139333 0
70.4227 0 0.128667 0
70.4941 0 0.142 0
70.5656 0 0.138667 0
70.6373 0 0.129333 0
70.7093 0 0.14 0
70.7812 0 0.148333 0
70.8534 0 0.136667 0
70.925 0 0.141667 0
70.998 0 0.153 0
71.0705 0 0.150667 0
71.144 0 0.134667 0
71.2185 0 0.138 0
71.2917 0 0.133333 0
71.3652 0 0.139 0
71.4376 0 0.136333 0
71.5091 0 0.134667 0
71.5849 0 0.133667 0
71.6592 0 0.139 0
71.7341 0 0.133667 0
71.8054 0 0.135 0
71.881 0 0.148333 0
71.9587 0 0.143333 0
72.0346 0 0.142667 0
72.1101 0 0.138667 0
72.1851 0 0.127333 0
72.2595 0 0.141 0
72.335 0 0.138667 0
72.4116 0 0.139333 0
72.4878 0 0.140333 0
72.5654 0 0.143667 0
72.639 0 0.133333 0
72.7159 0 0.14 0
72.7963 0 0.142 0
72.8732 0 0.137333 0
72.9499 0 0.145 0
73.0276 0 0.141333 0
73.1049 0 0.136667 0
73.1819 0 0.147333 0
73.2597 0 0.138 0
73.3351 0 0.135667 0
73.4127 0 0.136 0
73.4915 0 0.143333 0
73.5724 0 0.142667 0
73.6491 0 0.143333 0
73.7289 0 0.138667 0
73.8082 0 0.142333 0
73.8879 0 0.133333 0
73.9668 0 0.134 0
74.0477 0 0.138667 0
74.1265 0 0.134333 0
74.2081 0 0.133 0
74.2885 0 0.128333 0
74.3725 0 0.134333 0
74.4529 0 0.136333 0
74.5325 0 0.135333 0
74.616 0 0.137667 0
74.6959 0 0.136 0
74.7799 0 0.139667 0
74.8611 0 0.143 0
74.9423 0 0.141333 0
75.0255 0 0.137 0
75.1085 0 0.143333 0
75.1924 0 0.138 0
75.2739 0 0.139 0
75.3592 0 0.141 0
75.4399 0 0.146 0
75.5253 0 0.146333 0
75.6093 0 0.14 0
75.6938 0 0.155333 0
75.777 0 0.145667 0
75.8571 0 0.142 0
75.9406 0 0.147667 0
76.023 0 0.132333 0
76.1033 0 0.140333 0
76.1887 0 0.138 0
76.2735 0 0.140667 0
76.3587 0 0.146333 0
76.4437 0 0.131667 0
76.5276 0 0.141333 0
76.6126 0 0.139333 0
76.7009 0 0.134333 0
76.7882 0 0.159667 0
76.8747 0 0.145 0
76.9625 0 0.137 0
77.0516 0 0.135 0
77.1377 0 0.145333 0
77.2231 0 0.143667 0
77.3103 0 0.138667 0
77.3986 0 0.153333 0
77.4862 0 0.151 0
77.575 0 0.132667 0
77.6656 0 0.140333 0
77.7524 0 0.150333 0
77.8417 0 0.133667 0
77.9296 0 0.133333 0
78.0143 0 0.134667 0
78.1043 0 0.145667 0
78.1959 0 0.137 0
78.2847 0 0.136333 0
78.3764 0 0.145667 0
78.4655 0 0.138 0
78.554 0 0.146667 0
78.6437 0 0.142 0
78.7361 0 0.134 0
78.8279 0 0.129667 0
78.9192 0 0.145667 0
79.0141 0 0.146667 0
79.1076 0 0.143 0
79.1986 0 0.145 0
79.2904 0 0.14 0
79.3836 0 0.140667 0
79.4792 0 0.144667 0
79.5701 0 0.137667 0
79.6639 0 0.14 0
79.7572 0 0.130333 0
79.8532 0 0.155 0
79.9475 0 0.146 0
80.0435 0 0.142333 0
80.1406 0 0.154667 0
80.2364 0 0.156 0
80.3327 0 0.152667 0
80.433 0 0.153333 0
80.5296 0 0.147333 0
80.6241 0 0.161 0
80.7192 0 0.160667 0
80.8161 0 0.147 0
80.9148 0 0.144333 0
81.015 0 0.154 0
81.1145 0 0.154333 0
81.2147 0 0.146667 0
81.3137 0 0.141 0
81.4151 0 0.156667 0
81.5133 0 0.156 0
81.6157 0 0.16 0
81.7158 0 0.146333 0
81.815 0 0.148667 0
81.9112 0 0.158667 0
82.0142 0 0.152 0
82.1144 0 0.149667 0
82.2142 0 0.149333 0
82.3137 0 0.136 0
82.4179 0 0.146 0
82.5207 0 0.151667 0
82.6237 0 0.149333 0
82.7253 0 0.145 0
82.8282 0 0.152 0
82.9311 0 0.134333 0
83.0348 0 0.15 0
83.1379 0 0.144667 0
83.2378 0 0.150333 0
83.3441 0 0.146333 0
83.449 0 0.154667 0
83.5562 0 0.143 0
83.6618 0 0.152667 0
83.7711 0 0.142333 0
83.8785 0 0.141333 0
83.9842 0 0.15 0
84.0907 0 0.145667 0
84.1979 0 0.149667 0
84.3018 0 0.133667 0
84.4133 0 0.14 0
84.5213 0 0.141667 0
84.6311 0 0.149667 0
84.7422 0 0.146 0
84.8522 0 0.144333 0
84.9603 0 0.132333 0
85.0703 0 0.146 0
85.18 0 0.15 0
85.2906 0 0.141333 0
85.3999 0 0.157 0
85.5125 0 0.143333 0
85.6244 0 0.143333 0
85.7389 0 0.152667 0
85.8519 0 0.154667 0
85.9633 0 0.137 0
86.0749 0 0.155 0
86.1855 0 0.143667 0
86.3011 0 0.146667 0
86.4124 0 0.143333 0
86.5264 0 0.152667 0
86.6441 0 0.146 0
86.7602 0 0.141 0
86.8723 0 0.144333 0
86.989 0 0.134333 0
87.1028 0 0.153 0
87.2191 0 0.153333 0
87.3345 0 0.145667 0
87.4531 0 0.148333 0
87.5722 0 0.154 0
87.6894 0 0.158 0
87.807 0 0.137333 0
87.9248 0 0.141667 0
88.0479 0 0.143667 0
88.1678 0 0.155 0
88.2903 0 0.146667 0
88.4054 0 0.143333 0
88.5289 0 0.132333 0
88.6523 0 0.143333 0
88.7746 0 0.150333 0
88.8911 0 0.154333 0
89.0125 0 0.129333 0
89.1367 0 0.140667 0
89.2573 0 0.135333 0
89.3794 0 0.145667 0
89.5058 0 0.130333 0
89.6302 0 0.139667 0
89.7554 0 0.144 0
89.8773 0 0.143 0
90.0024 0 0.143333 0
90.13 0 0.145 0
90.2591 0 0.152 0
90.3862 0 0.179333 0
90.5154 0 0.166 0
90.644 0 0.183667 0
90.7687 0 0.181 0
90.8991 0 0.162333 0
91.0287 0 0.171 0
91.1606 0 0.173 0
91.2927 0 0.165 0
91.4294 0 0.166667 0
91.5577 0 0.181667 0
91.6885 0 0.172333 0
91.8194 0 0.171667 0
91.9543 0 0.172333 0
92.0852 0 0.166667 0
92.2214 0 0.162333 0
92.3565 0 0.170667 0
92.4889 0 0.163667 0
92.6276 0 0.177333 0
92.7693 0 0.169 0
92.9074 0 0.179 0
93.0445 0 0.169667 0
93.1811 0 0.174333 0
93.3236 0 0.164667 0
93.4651 0 0.173333 0
93.6025 0 0.163333 0
93.7433 0 0.181333 0
93.8787 0 0.173667 0
94.0195 0 0.178333 0
94.1614 0 0.156667 0
94.3056 0 0.161333 0
94.4501 0 0.180333 0
94.5955 0 0.171333 0
94.739 0 0.173 0
94.8863 0 0.172333 0
95.0312 0 0.180333 0
95.1766 0 0.174667 0
95.3207 0 0.162667 0
95.4633 0 0.172333 0
95.6086 0 0.151 0
95.7552 0 0.172667 0
95.9049 0 0.156333 0
96.0578 0 0.181333 0
96.2066 0 0.166333 0
96.3538 0 0.162667 0
96.5035 0 0.171333 0
96.659 0 0.156333 0
96.809 0 0.173667 0
96.9632 0 0.164 0
97.1228 0 0.161667 0
97.2763 0 0.168333 0
97.4317 0 0.175 0
97.5859 0 0.168667 0
97.7425 0 0.160333 0
97.8988 0 0.171 0
98.059 0 0.175 0
98.2228 0 0.164 0
98.3826 0 0.155333 0
98.545 0 0.181 0
98.7137 0 0.156667 0
98.8697 0 0.164333 0
99.0308 0 0.174 0
99.1916 0 0.165333 0
99.3589 0 0.169667 0
99.5241 0 0.173667 0
99.6941 0 0.167 0
99.8595 0 0.163333 0
100.028 0 0.157333 0
100.189 0 0.176 0
100.361 0 0.135333 0
100.531 0 0.141667 0
100.702 0 0.125333 0
100.871 0 0.140667 0
101.048 0 0.138333 0
101.222 0 0.129333 0
101.392 0 0.146667 0
101.571 0 0.144 0
101.746 0 0.147333 0
101.925 0 0.136667 0
102.102 0 0.139333 0
102.282 0 0.14 0
102.458 0 0.133 0
102.636 0 0.145 0
102.815 0 0.132333 0
102.996 0 0.152 0
103.177 0 0.14 0
103.361 0 0.149 0
103.547 0 0.156 0
103.737 0 0.134333 0
103.922 0 0.145 0
104.106 0 0.141333 0
104.297 0 0.148 0
104.488 0 0.133667 0
104.683 0 0.138667 0
104.871 0 0.122 0
105.061 0 0.134333 0
105.257 0 0.145 0
105.455 0 0.136667 0
105.651 0 0.137333 0
105.848 0 0.135667 0
106.046 0 0.124667 0
106.242 0 0.137 0
106.44 0 0.135667 0
106.646 0 0.129 0
106.845 0 0.136333 0
107.053 0 0.130667 0
107.254 0 0.143333 0
107.459 0 0.13 0
107.668 0 0.127667 0
107.877 0 0.132667 0
108.086 0 0.142333 0
108.297 0 0.136667 0
108.507 0 0.139 0
108.721 0 0.134 0
108.931 0 0.156333 0
109.144 0 0.139 0
109.362 0 0.138333 0
109.573 0 0.134667 0
109.791 0 0.138 0
110.014 0 0.131333 0
110.238 0 0.13 0
110.463 0 0.131 0
110.689 0 0.136667 0
110.912 0 0.144 0
111.144 0 0.133 0
111.366 0 0.136333 0
111.59 0 0.135333 0
111.818 0 0.136667 0
112.044 0 0.141667 0
112.284 0 0.150667 0
112.521 0 0.176 0
112.756 0 0.160333 0
112.992 0 0.151333 0
113.231 0 0.160667 0
113.478 0 0.162333 0
113.724 0 0.155667 0
113.971 0 0.153667 0
114.219 0 0.157667 0
114.467 0 0.154 0
114.709 0 0.155 0
114.959 0 0.156333 0
115.214 0 0.169333 0
115.469 0 0.153333 0
115.723 0 0.171333 0
115.983 0 0.149333 0
116.247 0 0.158333 0
116.514 0 0.16 0
116.784 0 0.166 0
117.048 0 0.155333 0
117.323 0 0.154 0
117.585 0 0.151333 0
117.853 0 0.154667 0
118.124 0 0.159 0
118.406 0 0.152333 0
118.689 0 0.150667 0
118.972 0 0.158333 0
119.253 0 0.156333 0
119.525 0 0.156667 0
119.817 0 0.172667 0
120.099 0 0.192333 0
120.394 0 0.195 0
120.689 0 0.194 0
120.991 0 0.183333 0
121.296 0 0.191 0
121.59 0 0.207 0
121.9 0 0.195333 0
122.213 0 0.192667 0
122.529 0 0.180667 0
122.843 0 0.182333 0
123.159 0 0.190667 0
123.47 0 0.190667 0
123.794 0 0.190667 0
124.11 0 0.194333 0
124.437 0 0.193 0
124.754 0 0.185667 0
125.082 0 0.183333 0
125.409 0 0.188 0
125.736 0 0.174 0
126.075 0 0.195667 0
126.414 0 0.193333 0
126.754 0 0.178667 0
127.096 0 0.190667 0
127.441 0 0.200333 0
127.796 0 0.185333 0
128.163 0 0.194333 0
128.531 0 0.201667 0
128.881 0 0.194333 0
129.231 0 0.194333 0
129.608 0 0.193667 0
129.979 0 0.206333 0
130.356 0 0.209667 0
130.726 0 0.200667 0
131.119 0 0.199333 0
131.493 0 0.207667 0
131.894 0 0.175667 0
132.294 0 0.192667 0
132.685 0 0.192333 0
133.07 0 0.204333 0
133.473 0 0.179 0
133.884 0 0.192667 0
134.299 0 0.201667 0
134.72 0 0.207 0
135.135 0 0.192333 0
135.558 0 0.186667 0
135.996 0 0.196 0
136.428 0 0.197667 0
136.878 0 0.187333 0
137.321 0 0.205 0
137.777 0 0.202333 0
138.25 0 0.198667 0
138.715 0 0.200667 0
139.186 0 0.187 0
139.655 0 0.198 0
140.146 0 0.192333 0
140.641 0 0.199333 0
141.142 0 0.192667 0
141.637 0 0.198333 0
142.138 0 0.188667 0
142.653 0 0.192667 0
143.157 0 0.195333 0
143.679 0 0.195667 0
144.222 0 0.200333 0
144.762 0 0.196333 0
145.309 0 0.196333 0
145.867 0 0.187 0
146.423 0 0.213 0
147.01 0 0.221 0
147.609 0 0.215667 0
148.194 0 0.214667 0
148.795 0 0.200333 0
149.392 0 0.206 0
150.015 0 0.207667 0
150.646 0 0.201667 0
151.29 0 0.211667 0
151.916 0 0.194667 0
152.562 0 0.201 0
153.23 0 0.206667 0
153.881 0 0.201333 0
154.566 0 0.215667 0
155.232 0 0.208333 0
155.932 0 0.203333 0
156.635 0 0.191 0
157.378 0 0.197667 0
158.13 0 0.196333 0
158.891 0 0.205 0
159.66 0 0.209667 0
160.432 0 0.199 0
161.249 0 0.192 0
162.071 0 0.194667 0
162.905 0 0.199333 0
163.77 0 0.203 0
164.646 0 0.192667 0
165.531 0 0.190333 0
166.405 0 0.207 0
167.296 0 0.189667 0
168.225 0 0.199667 0
169.158 0 0.204667 0
170.13 0 0.196333 0
171.118 0 0.197333 0
172.11 0 0.193667 0
173.168 0 0.197667 0
174.238 0 0.186667 0
175.388 0 0.163333 0
176.5 0 0.155667 0
177.656 0 0.159 0
178.835 0 0.161667 0
180.044 0 0.166333 0
181.3 0 0.163333 0
182.578 0 0.160667 0
183.895 0 0.163 0
185.239 0 0.162333 0
186.645 0 0.148 0
188.073 0 0.157 0
189.587 0 0.168 0
191.054 0 0.157667 0
192.612 0 0.158 0
194.27 0 0.158667 0
195.961 0 0.169 0
197.665 0 0.153667 0
199.482 0 0.170667 0
201.407 0 0.154 0
203.348 0 0.159667 0
205.362 0 0.163333 0
207.428 0 0.162333 0
209.602 0 0.172667 0
211.921 0 0.136667 0
214.367 0 0.131667 0
216.92 0 0.143 0
219.603 0 0.136333 0
222.409 0 0.153667 0
225.325 0 0.148333 0
228.398 0 0.141 0
231.724 0 0.141333 0
235.304 0 0.132667 0
238.994 0 0.142 0
243.035 0 0.135333 0
247.302 0 0.129333 0
251.942 0 0.134333 0
256.752 0 0.149667 0
262.119 0 0.165 0
267.838 0 0.176667 0
274.377 0 0.173333 0
281.364 0 0.133333 0
289.539 0 0.138667 0
298.699 0 0.132333 0
308.916 0 0.125333 0
321.022 0 0.182667 0
335.674 0 0.197 0
353.356 0 0.177 0
376.359 0 0.201333 0
409.458 0 0.222333 0
464.537 0 0.311783 0
