40 0 0.138 0
41.4825 0 0.134 0
43.0417 0 0.142 0
44.6819 0 0.144 0
46.3908 0 0.157 0
48.2011 0 0.149667 0
50.1434 0 0.150333 0
52.2067 0 0.154 0
54.4006 0 0.165 0
56.7152 0 0.138 0
59.2191 0 0.159 0
61.9222 0 0.164667 0
64.8492 0 0.161333 0
67.918 0 0.156 0
71.2344 0 0.156667 0
74.9754 0 0.162333 0
79.0744 0 0.162 0
83.6518 0 0.159667 0
88.6007 0 0.153333 0
94.4573 0 0.159667 0
101.029 0 0.160333 0
108.55 0 0.157333 0
117.559 0 0.158 0
128.437 0 0.144333 0
142.269 0 0.168 0
160.759 0 0.154667 0
188.832 0 0.130265 0
