40 0 0.436667 0
40.0299 0 0.423667 0
40.0597 0 0.428333 0
40.0902 0 0.420333 0
40.1202 0 0.439333 0
40.15 0 0.439667 0
40.1803 0 0.431667 0
40.2108 0 0.433333 0
40.2403 0 0.430667 0
40.2696 0 0.412667 0
40.2995 0 0.428667 0
40.3297 0 0.436333 0
40.3595 0 0.431 0
40.3899 0 0.414667 0
40.4204 0 0.427333 0
40.4501 0 0.419667 0
40.4798 0 0.436333 0
40.511 0 0.417 0
40.5409 0 0.422 0
40.5723 0 0.44 0
40.6031 0 0.422667 0
40.6327 0 0.437667 0
40.6625 0 0.42 0
40.6933 0 0.427667 0
40.722 0 0.450667 0
40.7513 0 0.441 0
40.7812 0 0.447 0
40.8119 0 0.431333 0
40.8423 0 0.437333 0
40.8715 0 0.415 0
40.9016 0 0.412333 0
40.9305 0 0.454333 0
40.9599 0 0.43 0
40.9903 0 0.430333 0
41.0197 0 0.421 0
41.0499 0 0.427667 0
41.0803 0 0.422667 0
41.1105 0 0.432333 0
41.141 0 0.447333 0
41.1711 0 0.430667 0
41.2009 0 0.429 0
41.2299 0 0.439333 0
41.2602 0 0.428 0
41.2905 0 0.435333 0
41.3213 0 0.435333 0
41.3517 0 0.423667 0
41.3822 0 0.434 0
41.4127 0 0.437333 0
41.4432 0 0.425333 0
41.4729 0 0.448333 0
41.5034 0 0.442333 0
41.5348 0 0.428333 0
41.5654 0 0.432333 0
41.5948 0 0.44 0
41.6249 0 0.453667 0
41.6556 0 0.433 0
41.6862 0 0.438667 0
41.7171 0 0.447 0
41.747 0 0.446333 0
41.7772 0 0.43 0
41.8076 0 0.453667 0
41.8379 0 0.436333 0
41.8688 0 0.442333 0
41.8991 0 0.435667 0
41.9285 0 0.452 0
41.9583 0 0.447333 0
41.989 0 0.444667 0
42.0182 0 0.441333 0
42.0485 0 0.457333 0
42.0787 0 0.435 0
42.1088 0 0.439333 0
42.1385 0 0.440333 0
42.17 0 0.455 0
42.2003 0 0.445 0
42.2305 0 0.455 0
42.262 0 0.454667 0
42.293 0 0.438667 0
42.3244 0 0.448 0
42.3536 0 0.442667 0
42.3836 0 0.443667 0
42.4146 0 0.446667 0
42.4447 0 0.45 0
42.4761 0 0.435 0
42.5064 0 0.448667 0
42.5368 0 0.444 0
42.5675 0 0.463667 0
42.5981 0 0.437 0
42.6285 0 0.443 0
42.6592 0 0.449667 0
42.6904 0 0.432 0
42.7207 0 0.446667 0
42.7504 0 0.454 0
42.7816 0 0.426667 0
42.8115 0 0.451 0
42.8436 0 0.451333 0
42.8747 0 0.441 0
42.9046 0 0.428667 0
42.9345 0 0.448333 0
42.9644 0 0.437333 0
42.9954 0 0.438 0
43.0261 0 0.446667 0
43.0565 0 0.442333 0
43.0871 0 0.456 0
43.1181 0 0.462333 0
43.1492 0 0.453667 0
43.1805 0 0.449333 0
43.2109 0 0.458667 0
43.2414 0 0.451 0
43.272 0 0.449333 0
43.3018 0 0.438667 0
43.3324 0 0.450667 0
43.3628 0 0.466333 0
43.3936 0 0.449 0
43.4243 0 0.441333 0
43.4547 0 0.456667 0
43.4859 0 0.451 0
43.517 0 0.449 0
43.5473 0 0.446 0
43.579 0 0.447667 0
43.6103 0 0.460333 0
43.6417 0 0.473333 0
43.6728 0 0.451 0
43.7044 0 0.457 0
43.7351 0 0.475 0
43.7659 0 0.447 0
43.797 0 0.439667 0
43.8275 0 0.433 0
43.8575 0 0.447667 0
43.8878 0 0.449667 0
43.9185 0 0.471333 0
43.949 0 0.453333 0
43.9806 0 0.434667 0
44.0127 0 0.453667 0
44.0446 0 0.449 0
44.0757 0 0.460333 0
44.1061 0 0.465333 0
44.1374 0 0.477 0
44.1683 0 0.468 0
44.2002 0 0.446 0
44.2311 0 0.458 0
44.2613 0 0.463 0
44.292 0 0.447333 0
44.3237 0 0.455333 0
44.3548 0 0.444667 0
44.3859 0 0.469333 0
44.4168 0 0.454667 0
44.4481 0 0.461667 0
44.479 0 0.435667 0
44.5101 0 0.447 0
44.5401 0 0.459333 0
44.5706 0 0.448 0
44.6023 0 0.448 0
44.6339 0 0.461 0
44.6661 0 0.454667 0
44.6981 0 0.45 0
44.7295 0 0.458667 0
44.7608 0 0.457 0
44.7914 0 0.463333 0
44.8231 0 0.465333 0
44.8552 0 0.464 0
44.8869 0 0.454667 0
44.9173 0 0.469 0
44.9479 0 0.447 0
44.9786 0 0.469 0
45.0093 0 0.457 0
45.0405 0 0.471667 0
45.0713 0 0.451 0
45.1028 0 0.467667 0
45.1337 0 0.457333 0
45.1646 0 0.462 0
45.1951 0 0.459 0
45.2248 0 0.448667 0
45.2554 0 0.476 0
45.2867 0 0.442 0
45.3179 0 0.465 0
45.3486 0 0.464 0
45.3795 0 0.458 0
45.4116 0 0.47 0
45.4424 0 0.462333 0
45.4744 0 0.459333 0
45.5048 0 0.465667 0
45.5369 0 0.477667 0
45.569 0 0.454667 0
45.6009 0 0.469 0
45.6319 0 0.478333 0
45.6626 0 0.453333 0
45.6927 0 0.457 0
45.7247 0 0.468333 0
45.7558 0 0.479 0
45.7871 0 0.473333 0
45.8181 0 0.462667 0
45.849 0 0.463667 0
45.8807 0 0.462667 0
45.912 0 0.473333 0
45.9434 0 0.459333 0
45.9748 0 0.460333 0
46.0067 0 0.461333 0
46.0379 0 0.456333 0
46.0689 0 0.446667 0
46.1 0 0.461 0
46.1315 0 0.470333 0
46.1628 0 0.461 0
46.1933 0 0.483667 0
46.2246 0 0.463 0
46.2558 0 0.474667 0
46.2879 0 0.461 0
46.3188 0 0.479667 0
46.3514 0 0.472333 0
46.3829 0 0.464667 0
46.4144 0 0.463 0
46.4453 0 0.482 0
46.4771 0 0.474333 0
46.5084 0 0.478333 0
46.5409 0 0.472667 0
46.5722 0 0.473667 0
46.6034 0 0.467333 0
46.6351 0 0.472 0
46.667 0 0.476667 0
46.6985 0 0.476 0
46.7304 0 0.486 0
46.7626 0 0.452 0
46.7945 0 0.478333 0
46.8263 0 0.474 0
46.8584 0 0.485667 0
46.8898 0 0.476 0
46.9226 0 0.484 0
46.9542 0 0.475333 0
46.9861 0 0.484333 0
47.0184 0 0.480667 0
47.0497 0 0.487 0
47.0822 0 0.477 0
47.1143 0 0.467333 0
47.1459 0 0.478333 0
47.1781 0 0.483 0
47.2099 0 0.481667 0
47.242 0 0.467667 0
47.2748 0 0.474667 0
47.3061 0 0.473 0
47.3382 0 0.484 0
47.3694 0 0.463667 0
47.4006 0 0.477 0
47.4323 0 0.476667 0
47.4649 0 0.484 0
47.4971 0 0.473333 0
47.5295 0 0.479667 0
47.5615 0 0.464 0
47.5935 0 0.480667 0
47.6245 0 0.467667 0
47.6567 0 0.468333 0
47.6885 0 0.467 0
47.7204 0 0.477333 0
47.7529 0 0.49 0
47.7849 0 0.484 0
47.8167 0 0.491 0
47.8494 0 0.490333 0
47.8818 0 0.479333 0
47.9136 0 0.475 0
47.9464 0 0.490333 0
47.9786 0 0.488333 0
48.0116 0 0.474 0
48.0442 0 0.489333 0
48.0769 0 0.489667 0
48.1098 0 0.486667 0
48.1412 0 0.488667 0
48.174 0 0.475333 0
48.2052 0 0.486 0
48.2374 0 0.490667 0
48.2702 0 0.466333 0
48.3028 0 0.476667 0
48.3352 0 0.490667 0
48.3662 0 0.479 0
48.3983 0 0.494333 0
48.4304 0 0.493667 0
48.462 0 0.483333 0
48.4942 0 0.480667 0
48.5266 0 0.482667 0
48.5591 0 0.481 0
48.5907 0 0.486 0
48.6235 0 0.478667 0
48.6561 0 0.472333 0
48.6878 0 0.476 0
48.7202 0 0.479333 0
48.7528 0 0.486667 0
48.7847 0 0.481333 0
48.8173 0 0.474 0
48.8495 0 0.509333 0
48.8823 0 0.462333 0
48.9146 0 0.493 0
48.9471 0 0.500667 0
48.98 0 0.491667 0
49.012 0 0.482 0
49.0448 0 0.481333 0
49.0783 0 0.487667 0
49.1106 0 0.489667 0
49.1427 0 0.483 0
49.1744 0 0.489333 0
49.2079 0 0.489333 0
49.2397 0 0.473 0
49.2709 0 0.489333 0
49.3032 0 0.465333 0
49.335 0 0.487333 0
49.3675 0 0.487667 0
49.3995 0 0.498667 0
49.4331 0 0.484 0
49.4664 0 0.487667 0
49.4995 0 0.472333 0
49.5313 0 0.488333 0
49.5634 0 0.494 0
49.596 0 0.490667 0
49.6294 0 0.502333 0
49.6615 0 0.487667 0
49.6949 0 0.492667 0
49.7275 0 0.48 0
49.7604 0 0.504333 0
49.7927 0 0.49 0
49.8254 0 0.488333 0
49.8583 0 0.488 0
49.8904 0 0.505667 0
49.9226 0 0.485333 0
49.9554 0 0.499 0
49.9887 0 0.500333 0
50.0214 0 0.504667 0
50.0551 0 0.504667 0
50.0873 0 0.511333 0
50.1196 0 0.509667 0
50.1511 0 0.499 0
50.184 0 0.511 0
50.2176 0 0.500333 0
50.2503 0 0.503 0
50.2836 0 0.507333 0
50.3164 0 0.487 0
50.349 0 0.494 0
50.3823 0 0.513667 0
50.4147 0 0.500667 0
50.4486 0 0.488 0
50.4817 0 0.504333 0
50.5156 0 0.514333 0
50.5488 0 0.497667 0
50.5822 0 0.503667 0
50.6151 0 0.506667 0
50.6488 0 0.506333 0
50.6821 0 0.502 0
50.7156 0 0.504333 0
50.7491 0 0.504667 0
50.7816 0 0.507333 0
50.8147 0 0.488333 0
50.8478 0 0.496667 0
50.881 0 0.495667 0
50.9134 0 0.519 0
50.9468 0 0.495 0
50.98 0 0.512667 0
51.0134 0 0.499 0
51.0471 0 0.504667 0
51.0808 0 0.507667 0
51.1132 0 0.513333 0
51.1463 0 0.508333 0
51.1802 0 0.498667 0
51.2128 0 0.509667 0
51.2463 0 0.523333 0
51.2793 0 0.500333 0
51.3136 0 0.519 0
51.3472 0 0.514667 0
51.3805 0 0.490333 0
51.4141 0 0.501667 0
51.4488 0 0.490667 0
51.4817 0 0.507667 0
51.5148 0 0.508667 0
51.5485 0 0.526 0
51.5822 0 0.518667 0
51.6158 0 0.506 0
51.6492 0 0.503333 0
51.6835 0 0.513333 0
51.7183 0 0.513 0
51.7521 0 0.507667 0
51.786 0 0.508333 0
51.8185 0 0.49 0
51.8527 0 0.497667 0
51.8861 0 0.502333 0
51.9193 0 0.503 0
51.9527 0 0.521667 0
51.9877 0 0.508667 0
52.021 0 0.485667 0
52.0545 0 0.511667 0
52.0885 0 0.502333 0
52.1228 0 0.524333 0
52.1569 0 0.520667 0
52.1909 0 0.507667 0
52.226 0 0.509333 0
52.2597 0 0.503333 0
52.2934 0 0.526 0
52.3286 0 0.523 0
52.3621 0 0.515 0
52.3961 0 0.520667 0
52.4281 0 0.513667 0
52.4625 0 0.524667 0
52.4974 0 0.526 0
52.5305 0 0.507667 0
52.5647 0 0.518 0
52.598 0 0.514667 0
52.6316 0 0.520333 0
52.6652 0 0.501 0
52.6982 0 0.497 0
52.7319 0 0.526667 0
52.7664 0 0.508667 0
52.8009 0 0.511333 0
52.8347 0 0.503667 0
52.8694 0 0.504333 0
52.9021 0 0.519667 0
52.9356 0 0.497333 0
52.9693 0 0.512 0
53.0029 0 0.508667 0
53.0366 0 0.511333 0
53.071 0 0.513 0
53.1052 0 0.517 0
53.1391 0 0.513333 0
53.1734 0 0.512 0
53.208 0 0.526333 0
53.2424 0 0.525667 0
53.2769 0 0.521 0
53.3121 0 0.525667 0
53.346 0 0.515667 0
53.3803 0 0.522333 0
53.4137 0 0.527667 0
53.4485 0 0.510333 0
53.4829 0 0.529333 0
53.5169 0 0.518667 0
53.551 0 0.517667 0
53.5853 0 0.515667 0
53.6189 0 0.524333 0
53.6539 0 0.519667 0
53.6879 0 0.521 0
53.7223 0 0.528333 0
53.7575 0 0.521667 0
53.7927 0 0.529667 0
53.8276 0 0.503 0
53.8614 0 0.501 0
53.8962 0 0.508667 0
53.9297 0 0.532667 0
53.9645 0 0.508667 0
53.999 0 0.529667 0
54.0341 0 0.527667 0
54.0676 0 0.524333 0
54.1018 0 0.505667 0
54.1361 0 0.523 0
54.1702 0 0.529 0
54.2045 0 0.513333 0
54.2397 0 0.520667 0
54.2746 0 0.531 0
54.3096 0 0.518 0
54.3441 0 0.530333 0
54.3782 0 0.517 0
54.4123 0 0.507667 0
54.4464 0 0.528667 0
54.4805 0 0.515667 0
54.515 0 0.505333 0
54.5498 0 0.532333 0
54.5848 0 0.528 0
54.6189 0 0.535 0
54.6513 0 0.527333 0
54.686 0 0.534 0
54.7206 0 0.530667 0
54.7549 0 0.516 0
54.7903 0 0.509 0
54.8263 0 0.517333 0
54.8619 0 0.549333 0
54.8977 0 0.543333 0
54.9324 0 0.525 0
54.9666 0 0.544667 0
55.0018 0 0.555667 0
55.0357 0 0.523 0
55.0716 0 0.534667 0
55.1065 0 0.532 0
55.1419 0 0.529 0
55.1768 0 0.537 0
55.2119 0 0.53 0
55.2477 0 0.528333 0
55.282 0 0.519 0
55.3158 0 0.532333 0
55.3514 0 0.521667 0
55.3859 0 0.529667 0
55.4215 0 0.525 0
55.4555 0 0.509667 0
55.4901 0 0.536667 0
55.5251 0 0.517333 0
55.5607 0 0.541333 0
55.5959 0 0.528 0
55.6309 0 0.527 0
55.6661 0 0.531333 0
55.7011 0 0.531 0
55.7366 0 0.507 0
55.772 0 0.539 0
55.8073 0 0.519333 0
55.8427 0 0.521333 0
55.8777 0 0.543667 0
55.9126 0 0.533667 0
55.9473 0 0.515667 0
55.9826 0 0.534667 0
56.0195 0 0.541 0
56.0537 0 0.527333 0
56.0894 0 0.538333 0
56.1245 0 0.524333 0
56.1598 0 0.527333 0
56.1948 0 0.531 0
56.2301 0 0.533333 0
56.2657 0 0.530333 0
56.3013 0 0.528667 0
56.3373 0 0.521333 0
56.3716 0 0.539333 0
56.4068 0 0.535667 0
56.442 0 0.530333 0
56.477 0 0.530667 0
56.5135 0 0.537 0
56.5492 0 0.529667 0
56.5851 0 0.528333 0
56.6204 0 0.538 0
56.6567 0 0.527667 0
56.6929 0 0.519333 0
56.7284 0 0.507 0
56.7645 0 0.526 0
56.8 0 0.533667 0
56.8371 0 0.531333 0
56.8727 0 0.532 0
56.9078 0 0.542667 0
56.9428 0 0.544333 0
56.9783 0 0.538667 0
57.0136 0 0.520667 0
57.0502 0 0.536667 0
57.0851 0 0.538667 0
57.1202 0 0.528667 0
57.157 0 0.530333 0
57.1942 0 0.53 0
57.2305 0 0.531333 0
57.2659 0 0.529333 0
57.3013 0 0.533 0
57.337 0 0.546333 0
57.3745 0 0.546333 0
57.4105 0 0.550667 0
57.4474 0 0.543333 0
57.483 0 0.534333 0
57.5182 0 0.553667 0
57.5548 0 0.528333 0
57.5907 0 0.528333 0
57.6272 0 0.537333 0
57.663 0 0.537667 0
57.6994 0 0.527333 0
57.7356 0 0.539333 0
57.7715 0 0.535 0
57.8083 0 0.553 0
57.8453 0 0.539667 0
57.8815 0 0.530333 0
57.9178 0 0.541 0
57.9542 0 0.545667 0
57.9894 0 0.535667 0
58.026 0 0.528667 0
58.062 0 0.542667 0
58.0978 0 0.532333 0
58.1349 0 0.531 0
58.1716 0 0.548333 0
58.2079 0 0.547 0
58.2447 0 0.554 0
58.2811 0 0.550333 0
58.3175 0 0.564333 0
58.354 0 0.534667 0
58.3904 0 0.539333 0
58.4268 0 0.56 0
58.4644 0 0.536667 0
58.5 0 0.544667 0
58.5362 0 0.539333 0
58.5722 0 0.548 0
58.6094 0 0.537 0
58.6459 0 0.531 0
58.6828 0 0.552333 0
58.7195 0 0.545333 0
58.7556 0 0.554 0
58.7931 0 0.550333 0
58.8292 0 0.555 0
58.8665 0 0.526 0
58.9026 0 0.540667 0
58.9396 0 0.542333 0
58.9763 0 0.548667 0
59.0134 0 0.553 0
59.05 0 0.551 0
59.088 0 0.538 0
59.1247 0 0.540333 0
59.1605 0 0.553 0
59.1984 0 0.545667 0
59.2353 0 0.549667 0
59.2713 0 0.539 0
59.3096 0 0.529333 0
59.3463 0 0.540333 0
59.3836 0 0.543 0
59.4204 0 0.553 0
59.4571 0 0.552667 0
59.4936 0 0.539333 0
59.5298 0 0.539 0
59.5663 0 0.545 0
59.6032 0 0.534333 0
59.6402 0 0.56 0
59.6765 0 0.549667 0
59.713 0 0.559 0
59.7504 0 0.539667 0
59.7877 0 0.543 0
59.8253 0 0.566 0
59.863 0 0.549667 0
59.901 0 0.546333 0
59.9389 0 0.553 0
59.9766 0 0.545333 0
60.0147 0 0.535 0
60.0515 0 0.542667 0
60.0881 0 0.550667 0
60.1259 0 0.548333 0
60.1624 0 0.547 0
60.1998 0 0.543667 0
60.2373 0 0.534 0
60.2749 0 0.549 0
60.3125 0 0.559 0
60.3504 0 0.560333 0
60.3872 0 0.547333 0
60.4251 0 0.554667 0
60.4632 0 0.568667 0
60.5014 0 0.563333 0
60.5391 0 0.561 0
60.5777 0 0.568 0
60.615 0 0.563333 0
60.6531 0 0.553333 0
60.6913 0 0.555 0
60.7287 0 0.556333 0
60.7651 0 0.531667 0
60.8026 0 0.546 0
60.8411 0 0.553667 0
60.8789 0 0.55 0
60.9159 0 0.566 0
60.9541 0 0.551667 0
60.9917 0 0.556 0
61.0309 0 0.550333 0
61.0688 0 0.554333 0
61.1072 0 0.56 0
61.1441 0 0.554333 0
61.1823 0 0.545 0
61.2204 0 0.557 0
61.2594 0 0.571667 0
61.297 0 0.539667 0
61.3347 0 0.540333 0
61.3725 0 0.563333 0
61.4121 0 0.568 0
61.4508 0 0.557667 0
61.4894 0 0.571667 0
61.5272 0 0.55 0
61.565 0 0.562333 0
61.6026 0 0.567333 0
61.6403 0 0.557333 0
61.6789 0 0.562667 0
61.7177 0 0.548333 0
61.7565 0 0.564667 0
61.7962 0 0.558667 0
61.8352 0 0.547667 0
61.8739 0 0.557 0
61.9131 0 0.564 0
61.9508 0 0.561 0
61.9898 0 0.564667 0
62.0274 0 0.569 0
62.0655 0 0.558667 0
62.1036 0 0.557333 0
62.1416 0 0.563667 0
62.1802 0 0.561333 0
62.2188 0 0.561667 0
62.2567 0 0.551 0
62.2939 0 0.562 0
62.3307 0 0.547333 0
62.3677 0 0.552333 0
62.406 0 0.565333 0
62.4444 0 0.574667 0
62.4839 0 0.544667 0
62.5229 0 0.569333 0
62.5625 0 0.574 0
62.6006 0 0.566667 0
62.6402 0 0.557333 0
62.6791 0 0.562667 0
62.7184 0 0.58 0
62.757 0 0.559 0
62.7958 0 0.584 0
62.8347 0 0.568667 0
62.8742 0 0.557333 0
62.9134 0 0.550333 0
62.9506 0 0.568 0
62.9895 0 0.556667 0
63.0307 0 0.572333 0
63.0715 0 0.58 0
63.111 0 0.575667 0
63.1504 0 0.568333 0
63.189 0 0.577667 0
63.229 0 0.566333 0
63.2675 0 0.563333 0
63.3065 0 0.559667 0
63.3462 0 0.573333 0
63.3845 0 0.562667 0
63.4246 0 0.567667 0
63.4641 0 0.579 0
63.5037 0 0.559667 0
63.5429 0 0.567667 0
63.5824 0 0.564333 0
63.6224 0 0.573333 0
63.662 0 0.563667 0
63.7017 0 0.561333 0
63.7428 0 0.564667 0
63.7821 0 0.548667 0
63.8213 0 0.567667 0
63.861 0 0.575333 0
63.9006 0 0.565667 0
63.9409 0 0.571333 0
63.9811 0 0.589667 0
64.02 0 0.575667 0
64.0601 0 0.568667 0
64.101 0 0.561 0
64.1417 0 0.576333 0
64.1815 0 0.565 0
64.2219 0 0.577333 0
64.2616 0 0.57 0
64.3027 0 0.581 0
64.341 0 0.571 0
64.3817 0 0.584 0
64.421 0 0.568 0
64.4608 0 0.565 0
64.5013 0 0.564333 0
64.5426 0 0.559 0
64.5834 0 0.587667 0
64.6248 0 0.567667 0
64.6652 0 0.572333 0
64.7051 0 0.577333 0
64.7463 0 0.578333 0
64.7868 0 0.572333 0
64.8262 0 0.554667 0
64.8663 0 0.564333 0
64.9071 0 0.560333 0
64.9473 0 0.570333 0
64.9878 0 0.563 0
65.0274 0 0.584333 0
65.0664 0 0.575 0
65.1082 0 0.578667 0
65.1492 0 0.577667 0
65.1893 0 0.555667 0
65.2308 0 0.554333 0
65.2712 0 0.573667 0
65.3141 0 0.570667 0
65.3556 0 0.566 0
65.3967 0 0.571667 0
65.4364 0 0.571 0
65.4784 0 0.561333 0
65.519 0 0.569667 0
65.5606 0 0.579333 0
65.6016 0 0.578 0
65.6425 0 0.564333 0
65.6843 0 0.567333 0
65.7248 0 0.572333 0
65.7655 0 0.558333 0
65.8059 0 0.584 0
65.8464 0 0.570333 0
65.8888 0 0.571 0
65.9294 0 0.575333 0
65.9703 0 0.581667 0
66.0123 0 0.568333 0
66.0539 0 0.570333 0
66.0957 0 0.58 0
66.1358 0 0.577 0
66.1787 0 0.553333 0
66.2195 0 0.572 0
66.261 0 0.572333 0
66.3021 0 0.57 0
66.3435 0 0.583333 0
66.3849 0 0.581333 0
66.4273 0 0.581 0
66.4674 0 0.573667 0
66.51 0 0.585 0
66.5513 0 0.567333 0
66.5934 0 0.579667 0
66.6361 0 0.582667 0
66.6783 0 0.592667 0
66.7196 0 0.576667 0
66.7626 0 0.578333 0
66.8051 0 0.577667 0
66.8468 0 0.563333 0
66.8883 0 0.57 0
66.929 0 0.584333 0
66.9714 0 0.572 0
67.0149 0 0.576 0
67.057 0 0.587 0
67.0978 0 0.579667 0
67.1406 0 0.578667 0
67.1818 0 0.571 0
67.2231 0 0.575333 0
67.2665 0 0.585333 0
67.3087 0 0.591 0
67.35 0 0.585667 0
67.3933 0 0.578667 0
67.4351 0 0.588667 0
67.4775 0 0.572667 0
67.5187 0 0.582667 0
67.5601 0 0.578667 0
67.6023 0 0.592333 0
67.6441 0 0.578667 0
67.6864 0 0.579667 0
67.7294 0 0.574 0
67.7706 0 0.558333 0
67.8141 0 0.599333 0
67.8559 0 0.595667 0
67.8972 0 0.571333 0
67.9397 0 0.599333 0
67.9824 0 0.589333 0
68.0246 0 0.566333 0
68.0661 0 0.581333 0
68.1079 0 0.587667 0
68.1499 0 0.589333 0
68.1933 0 0.593 0
68.2355 0 0.582333 0
68.2772 0 0.580333 0
68.3204 0 0.577667 0
68.3628 0 0.582 0
68.4045 0 0.593667 0
68.4474 0 0.575333 0
68.4911 0 0.577667 0
68.535 0 0.603667 0
68.5784 0 0.583667 0
68.622 0 0.577 0
68.6639 0 0.584 0
68.7063 0 0.591333 0
68.7488 0 0.590667 0
68.7911 0 0.589667 0
68.8348 0 0.570667 0
68.8778 0 0.575333 0
68.9196 0 0.594333 0
68.9647 0 0.567667 0
69.0081 0 0.576667 0
69.0517 0 0.585667 0
69.0958 0 0.584333 0
69.1392 0 0.585667 0
69.1829 0 0.580333 0
69.2272 0 0.575667 0
69.2702 0 0.582 0
69.3141 0 0.586 0
69.3585 0 0.578 0
69.4026 0 0.575 0
69.445 0 0.576333 0
69.4891 0 0.572 0
69.5339 0 0.594667 0
69.5765 0 0.592333 0
69.6201 0 0.596667 0
69.6646 0 0.578333 0
69.7076 0 0.592667 0
69.7521 0 0.586667 0
69.796 0 0.585 0
69.8393 0 0.595667 0
69.8841 0 0.596 0
69.9279 0 0.596667 0
69.9718 0 0.591 0
70.0147 0 0.587667 0
70.0595 0 0.594667 0
70.1029 0 0.61 0
70.1475 0 0.598333 0
70.192 0 0.581333 0
70.237 0 0.582 0
70.2809 0 0.582667 0
70.3259 0 0.603667 0
70.3709 0 0.593333 0
70.4149 0 0.595 0
70.4596 0 0.602333 0
70.5046 0 0.587 0
70.5494 0 0.602 0
70.5949 0 0.580333 0
70.6403 0 0.580333 0
70.6851 0 0.596 0
70.7304 0 0.608667 0
70.7742 0 0.589 0
70.8185 0 0.59 0
70.8633 0 0.599 0
70.9092 0 0.607333 0
70.9541 0 0.599667 0
71.0003 0 0.581333 0
71.0428 0 0.605333 0
71.0883 0 0.607 0
71.1333 0 0.617 0
71.1792 0 0.591667 0
71.2226 0 0.592667 0
71.2677 0 0.607667 0
71.3123 0 0.598333 0
71.3576 0 0.591667 0
71.4014 0 0.580333 0
71.4474 0 0.604333 0
71.4919 0 0.597333 0
71.5369 0 0.604 0
71.5826 0 0.603 0
71.6283 0 0.605333 0
71.6735 0 0.609 0
71.7177 0 0.590333 0
71.7639 0 0.581667 0
71.8112 0 0.605667 0
71.8563 0 0.591 0
71.9008 0 0.595667 0
71.947 0 0.592 0
71.9931 0 0.588667 0
72.0385 0 0.58 0
72.0843 0 0.592333 0
72.1313 0 0.609667 0
72.1767 0 0.605333 0
72.2235 0 0.585667 0
72.2712 0 0.577667 0
72.3174 0 0.597667 0
72.3634 0 0.594667 0
72.4087 0 0.604 0
72.455 0 0.597 0
72.5022 0 0.592333 0
72.5487 0 0.598333 0
72.596 0 0.602667 0
72.6432 0 0.592333 0
72.6895 0 0.609 0
72.7365 0 0.613333 0
72.7828 0 0.599 0
72.8287 0 0.612667 0
72.8759 0 0.597667 0
72.9238 0 0.611333 0
72.9712 0 0.593 0
73.0179 0 0.601333 0
73.0634 0 0.612 0
73.1107 0 0.609333 0
73.1553 0 0.591333 0
73.2021 0 0.614333 0
73.2485 0 0.608667 0
73.2964 0 0.617667 0
73.3451 0 0.61 0
73.393 0 0.604667 0
73.4396 0 0.606 0
73.4864 0 0.593667 0
73.5351 0 0.615667 0
73.5824 0 0.583333 0
73.6296 0 0.601333 0
73.6766 0 0.602333 0
73.7243 0 0.594 0
73.7732 0 0.594 0
73.8213 0 0.598333 0
73.8688 0 0.600333 0
73.9169 0 0.602 0
73.9643 0 0.608333 0
74.0148 0 0.590667 0
74.0618 0 0.589 0
74.1077 0 0.6 0
74.1564 0 0.600667 0
74.2036 0 0.589 0
74.2517 0 0.615 0
74.298 0 0.616 0
74.347 0 0.599333 0
74.394 0 0.594 0
74.4417 0 0.602333 0
74.4903 0 0.605 0
74.5375 0 0.588333 0
74.5854 0 0.607333 0
74.6347 0 0.603667 0
74.6838 0 0.607667 0
74.7317 0 0.611667 0
74.7809 0 0.584 0
74.828 0 0.622333 0
74.8767 0 0.584333 0
74.9249 0 0.614667 0
74.9733 0 0.594333 0
75.0213 0 0.615 0
75.071 0 0.620333 0
75.1166 0 0.603333 0
75.1658 0 0.59 0
75.2145 0 0.613 0
75.2644 0 0.609 0
75.3137 0 0.606667 0
75.3627 0 0.603 0
75.4112 0 0.620333 0
75.4606 0 0.619 0
75.5091 0 0.602 0
75.5577 0 0.614333 0
75.6061 0 0.605667 0
75.6553 0 0.620667 0
75.7043 0 0.611333 0
75.7546 0 0.609667 0
75.8046 0 0.606667 0
75.853 0 0.603 0
75.9018 0 0.610667 0
75.9506 0 0.608333 0
76.0004 0 0.603 0
76.0519 0 0.620333 0
76.1019 0 0.609333 0
76.1525 0 0.619 0
76.2011 0 0.619333 0
76.2514 0 0.619333 0
76.3013 0 0.617667 0
76.3522 0 0.608667 0
76.4014 0 0.594667 0
76.4527 0 0.618 0
76.5021 0 0.595 0
76.5533 0 0.623 0
76.6031 0 0.614 0
76.653 0 0.607 0
76.7031 0 0.607 0
76.7523 0 0.610667 0
76.8016 0 0.605333 0
76.8527 0 0.613667 0
76.9024 0 0.614667 0
76.952 0 0.602333 0
77.0023 0 0.607 0
77.0498 0 0.621 0
77.1005 0 0.612 0
77.1516 0 0.607333 0
77.2023 0 0.607 0
77.2528 0 0.602667 0
77.3025 0 0.615667 0
77.3516 0 0.611333 0
77.4023 0 0.610667 0
77.4525 0 0.608667 0
77.5043 0 0.607667 0
77.5568 0 0.602 0
77.6082 0 0.612333 0
77.6607 0 0.623667 0
77.7125 0 0.615 0
77.7628 0 0.613 0
77.8161 0 0.626 0
77.868 0 0.605 0
77.919 0 0.608 0
77.9719 0 0.613333 0
78.0244 0 0.603667 0
78.0771 0 0.615 0
78.1302 0 0.601333 0
78.1829 0 0.609333 0
78.2358 0 0.612333 0
78.2889 0 0.616333 0
78.3386 0 0.614667 0
78.3885 0 0.612 0
78.4409 0 0.613 0
78.4938 0 0.597 0
78.545 0 0.617667 0
78.5981 0 0.611 0
78.6505 0 0.611333 0
78.7032 0 0.622333 0
78.7548 0 0.608 0
78.8085 0 0.621667 0
78.8609 0 0.601333 0
78.9148 0 0.625 0
78.9678 0 0.617 0
79.0207 0 0.616333 0
79.0737 0 0.615333 0
79.1246 0 0.619 0
79.1794 0 0.638 0
79.2319 0 0.613667 0
79.2853 0 0.609333 0
79.34 0 0.626667 0
79.3919 0 0.606667 0
79.4466 0 0.614667 0
79.5005 0 0.608 0
79.554 0 0.61 0
79.609 0 0.619333 0
79.6626 0 0.616 0
79.7145 0 0.613667 0
79.7671 0 0.612667 0
79.822 0 0.62 0
79.8738 0 0.618 0
79.9294 0 0.625 0
79.9808 0 0.622333 0
80.0362 0 0.629667 0
80.0894 0 0.621333 0
80.1439 0 0.621333 0
80.1974 0 0.608667 0
80.2529 0 0.611333 0
80.3084 0 0.618667 0
80.3638 0 0.619333 0
80.418 0 0.622333 0
80.4708 0 0.621 0
80.5259 0 0.618667 0
80.582 0 0.614333 0
80.6374 0 0.631 0
80.6927 0 0.61 0
80.7492 0 0.621333 0
80.8053 0 0.621667 0
80.8612 0 0.601667 0
80.9183 0 0.623333 0
80.972 0 0.614 0
81.0285 0 0.617667 0
81.0838 0 0.62 0
81.1389 0 0.630667 0
81.1943 0 0.629667 0
81.2509 0 0.617667 0
81.3071 0 0.616 0
81.3622 0 0.621 0
81.4166 0 0.634333 0
81.4706 0 0.622 0
81.5262 0 0.631 0
81.5819 0 0.628 0
81.6377 0 0.631333 0
81.6934 0 0.626667 0
81.748 0 0.602333 0
81.8039 0 0.620333 0
81.8595 0 0.627 0
81.9167 0 0.619667 0
81.9729 0 0.626667 0
82.0304 0 0.628333 0
82.0871 0 0.616333 0
82.1448 0 0.618333 0
82.2013 0 0.623333 0
82.2588 0 0.624667 0
82.3135 0 0.627333 0
82.3698 0 0.634 0
82.4261 0 0.615667 0
82.4823 0 0.624333 0
82.5385 0 0.615333 0
82.5961 0 0.64 0
82.6541 0 0.613667 0
82.7129 0 0.621333 0
82.7708 0 0.631 0
82.8286 0 0.628667 0
82.8872 0 0.623 0
82.9433 0 0.643 0
83.0001 0 0.616667 0
83.0595 0 0.614 0
83.1182 0 0.625 0
83.1747 0 0.619333 0
83.232 0 0.637667 0
83.2912 0 0.626333 0
83.351 0 0.620667 0
83.408 0 0.625333 0
83.4663 0 0.626333 0
83.5256 0 0.625 0
83.5825 0 0.616667 0
83.642 0 0.624 0
83.7028 0 0.642 0
83.7625 0 0.637667 0
83.8209 0 0.613 0
83.8799 0 0.631333 0
83.9396 0 0.635 0
83.9987 0 0.624 0
84.059 0 0.626333 0
84.1186 0 0.621667 0
84.1771 0 0.626333 0
84.2352 0 0.640667 0
84.293 0 0.624 0
84.3521 0 0.633333 0
84.4108 0 0.618667 0
84.4695 0 0.628333 0
84.5298 0 0.618333 0
84.5874 0 0.621667 0
84.6462 0 0.619333 0
84.706 0 0.635 0
84.7671 0 0.636 0
84.8284 0 0.645333 0
84.8867 0 0.63 0
84.948 0 0.621333 0
85.009 0 0.615333 0
85.0674 0 0.620333 0
85.1257 0 0.630667 0
85.1862 0 0.625667 0
85.248 0 0.614667 0
85.3081 0 0.635333 0
85.3692 0 0.620667 0
85.4289 0 0.641667 0
85.4905 0 0.62 0
85.5501 0 0.628667 0
85.6101 0 0.609 0
85.6731 0 0.607667 0
85.7333 0 0.631333 0
85.7945 0 0.625333 0
85.8575 0 0.632333 0
85.9185 0 0.625333 0
85.9801 0 0.633 0
86.0417 0 0.612 0
86.1034 0 0.624 0
86.1649 0 0.621667 0
86.2276 0 0.615667 0
86.2886 0 0.624333 0
86.3506 0 0.640333 0
86.413 0 0.641667 0
86.4758 0 0.642 0
86.5357 0 0.628333 0
86.5995 0 0.627667 0
86.6626 0 0.626 0
86.7214 0 0.631333 0
86.7853 0 0.626333 0
86.8483 0 0.632333 0
86.9103 0 0.611 0
86.9724 0 0.617667 0
87.035 0 0.622333 0
87.098 0 0.623 0
87.1606 0 0.629333 0
87.2221 0 0.622 0
87.2872 0 0.631667 0
87.3524 0 0.646333 0
87.4152 0 0.638667 0
87.4792 0 0.630667 0
87.5431 0 0.628667 0
87.6079 0 0.645 0
87.6715 0 0.629 0
87.736 0 0.634667 0
87.8002 0 0.624667 0
87.8641 0 0.625333 0
87.9279 0 0.653 0
87.9922 0 0.634333 0
88.0573 0 0.641333 0
88.1206 0 0.618667 0
88.1852 0 0.649333 0
88.2504 0 0.644667 0
88.3145 0 0.63 0
88.3799 0 0.64 0
88.4453 0 0.622 0
88.5104 0 0.641333 0
88.5735 0 0.631 0
88.6393 0 0.631667 0
88.704 0 0.633667 0
88.7705 0 0.653 0
88.8365 0 0.629 0
88.9022 0 0.636333 0
88.9662 0 0.651 0
89.034 0 0.636333 0
89.0992 0 0.618667 0
89.1647 0 0.617667 0
89.2303 0 0.633667 0
89.2978 0 0.63 0
89.3638 0 0.632 0
89.43 0 0.617667 0
89.4956 0 0.645333 0
89.5627 0 0.630333 0
89.6316 0 0.631 0
89.6995 0 0.635 0
89.7662 0 0.644 0
89.8327 0 0.631 0
89.8999 0 0.623667 0
89.9675 0 0.628 0
90.0375 0 0.649 0
90.105 0 0.637667 0
90.1727 0 0.642333 0
90.2398 0 0.646333 0
90.3082 0 0.647333 0
90.3756 0 0.650667 0
90.4448 0 0.63 0
90.5119 0 0.636667 0
90.5798 0 0.637667 0
90.6515 0 0.636 0
90.7195 0 0.642333 0
90.7873 0 0.641667 0
90.8567 0 0.627333 0
90.9263 0 0.638 0
90.9949 0 0.644333 0
91.065 0 0.634 0
91.1337 0 0.647333 0
91.202 0 0.634 0
91.2715 0 0.631 0
91.3416 0 0.649 0
91.412 0 0.629333 0
91.4828 0 0.649 0
91.5549 0 0.639333 0
91.6248 0 0.635333 0
91.6962 0 0.639333 0
91.7672 0 0.644333 0
91.8411 0 0.655667 0
91.9113 0 0.623667 0
91.9827 0 0.637667 0
92.0527 0 0.634333 0
92.1268 0 0.653333 0
92.198 0 0.647667 0
92.2692 0 0.642 0
92.3394 0 0.630333 0
92.4107 0 0.626333 0
92.4808 0 0.652333 0
92.5519 0 0.631 0
92.6226 0 0.639667 0
92.6949 0 0.633333 0
92.7666 0 0.646 0
92.8391 0 0.629333 0
92.9154 0 0.643333 0
92.9898 0 0.636 0
93.0649 0 0.648 0
93.1369 0 0.632 0
93.2073 0 0.632 0
93.2795 0 0.66 0
93.3509 0 0.629 0
93.4244 0 0.64 0
93.498 0 0.655667 0
93.572 0 0.621 0
93.6479 0 0.636333 0
93.7227 0 0.625667 0
93.7987 0 0.642 0
93.8716 0 0.636 0
93.9486 0 0.621667 0
94.0245 0 0.64 0
94.0992 0 0.650333 0
94.1746 0 0.642333 0
94.2519 0 0.641667 0
94.326 0 0.650333 0
94.3999 0 0.638333 0
94.4752 0 0.644667 0
94.5483 0 0.638667 0
94.6236 0 0.633667 0
94.6978 0 0.644 0
94.7724 0 0.646 0
94.8483 0 0.640333 0
94.9247 0 0.646667 0
95.0006 0 0.631667 0
95.0777 0 0.645667 0
95.1555 0 0.634 0
95.2322 0 0.662 0
95.3102 0 0.631333 0
95.3874 0 0.641333 0
95.4663 0 0.628667 0
95.5453 0 0.632667 0
95.6226 0 0.641333 0
95.7024 0 0.643667 0
95.778 0 0.643 0
95.8579 0 0.657667 0
95.935 0 0.663667 0
96.0141 0 0.636 0
96.0939 0 0.651 0
96.1738 0 0.638667 0
96.2538 0 0.648333 0
96.3317 0 0.646 0
96.4086 0 0.643667 0
96.488 0 0.644333 0
96.5674 0 0.650667 0
96.6446 0 0.648667 0
96.7228 0 0.633333 0
96.8039 0 0.647 0
96.8848 0 0.643 0
96.9664 0 0.638667 0
97.0467 0 0.651667 0
97.1263 0 0.643667 0
97.2066 0 0.633333 0
97.2863 0 0.65 0
97.368 0 0.644 0
97.4516 0 0.648 0
97.5328 0 0.651667 0
97.6141 0 0.647667 0
97.6962 0 0.641667 0
97.7767 0 0.658 0
97.8571 0 0.637 0
97.9416 0 0.637333 0
98.0243 0 0.646667 0
98.1047 0 0.646333 0
98.1876 0 0.629 0
98.2682 0 0.653333 0
98.3498 0 0.646 0
98.4316 0 0.648333 0
98.5153 0 0.647333 0
98.5994 0 0.653667 0
98.6811 0 0.665333 0
98.763 0 0.637667 0
98.8466 0 0.632333 0
98.9299 0 0.639333 0
99.0158 0 0.648333 0
99.0989 0 0.643667 0
99.1828 0 0.644667 0
99.2695 0 0.661333 0
99.3575 0 0.648667 0
99.4423 0 0.659333 0
99.5264 0 0.644 0
99.612 0 0.659667 0
99.6969 0 0.639333 0
99.7782 0 0.655333 0
99.8611 0 0.638 0
99.943 0 0.656333 0
100.03 0 0.641 0
100.118 0 0.641333 0
100.206 0 0.635333 0
100.294 0 0.645 0
100.378 0 0.637667 0
100.466 0 0.644 0
100.556 0 0.660333 0
100.643 0 0.646 0
100.731 0 0.659 0
100.818 0 0.645667 0
100.907 0 0.655333 0
100.996 0 0.657667 0
101.083 0 0.648 0
101.173 0 0.655333 0
101.264 0 0.643 0
101.357 0 0.636333 0
101.447 0 0.646667 0
101.535 0 0.661 0
101.625 0 0.649333 0
101.715 0 0.651333 0
101.806 0 0.649333 0
101.896 0 0.651 0
101.985 0 0.656333 0
102.074 0 0.652 0
102.166 0 0.643667 0
102.256 0 0.646667 0
102.348 0 0.652333 0
102.437 0 0.645667 0
102.529 0 0.649333 0
102.622 0 0.652667 0
102.713 0 0.631 0
102.804 0 0.649667 0
102.896 0 0.638333 0
102.989 0 0.651667 0
103.083 0 0.645 0
103.177 0 0.661667 0
103.269 0 0.657 0
103.361 0 0.667 0
103.456 0 0.661333 0
103.553 0 0.644333 0
103.647 0 0.646333 0
103.74 0 0.653 0
103.838 0 0.641333 0
103.934 0 0.652667 0
104.03 0 0.659 0
104.125 0 0.643 0
104.221 0 0.658333 0
104.316 0 0.668333 0
104.412 0 0.636667 0
104.506 0 0.654333 0
104.603 0 0.638333 0
104.7 0 0.65 0
104.795 0 0.649333 0
104.893 0 0.639 0
104.989 0 0.654333 0
105.089 0 0.646333 0
105.186 0 0.643 0
105.285 0 0.662333 0
105.384 0 0.643 0
105.482 0 0.656333 0
105.579 0 0.652667 0
105.679 0 0.626 0
105.78 0 0.645667 0
105.883 0 0.649667 0
105.985 0 0.645 0
106.086 0 0.652 0
106.189 0 0.664 0
106.293 0 0.666333 0
106.395 0 0.645333 0
106.497 0 0.654333 0
106.595 0 0.652 0
106.699 0 0.666 0
106.805 0 0.644333 0
106.904 0 0.659667 0
107.008 0 0.648667 0
107.114 0 0.657667 0
107.22 0 0.649 0
107.324 0 0.671 0
107.428 0 0.644 0
107.533 0 0.650333 0
107.638 0 0.65 0
107.745 0 0.647667 0
107.851 0 0.658333 0
107.956 0 0.656 0
108.064 0 0.658 0
108.169 0 0.652333 0
108.274 0 0.657333 0
108.383 0 0.656 0
108.492 0 0.663333 0
108.602 0 0.656 0
108.709 0 0.667333 0
108.817 0 0.649 0
108.924 0 0.652 0
109.029 0 0.645 0
109.134 0 0.654 0
109.243 0 0.641667 0
109.349 0 0.658667 0
109.457 0 0.673667 0
109.566 0 0.670333 0
109.678 0 0.650333 0
109.789 0 0.657333 0
109.9 0 0.659333 0
110.008 0 0.641333 0
110.12 0 0.657667 0
110.235 0 0.653333 0
110.347 0 0.663333 0
110.464 0 0.656333 0
110.574 0 0.649 0
110.691 0 0.658 0
110.805 0 0.665 0
110.921 0 0.657333 0
111.035 0 0.662667 0
111.153 0 0.644333 0
111.267 0 0.660333 0
111.384 0 0.660667 0
111.501 0 0.668333 0
111.617 0 0.663667 0
111.733 0 0.653 0
111.852 0 0.655667 0
111.972 0 0.653667 0
112.09 0 0.665 0
112.212 0 0.643667 0
112.332 0 0.657667 0
112.448 0 0.673667 0
112.563 0 0.649 0
112.685 0 0.651333 0
112.805 0 0.660333 0
112.929 0 0.652 0
113.047 0 0.667 0
113.171 0 0.674667 0
113.293 0 0.662333 0
113.414 0 0.650333 0
113.535 0 0.652667 0
113.657 0 0.660333 0
113.775 0 0.655 0
113.899 0 0.661667 0
114.023 0 0.648 0
114.149 0 0.639333 0
114.275 0 0.656333 0
114.401 0 0.657667 0
114.53 0 0.672 0
114.657 0 0.652 0
114.783 0 0.655333 0
114.907 0 0.657 0
115.037 0 0.668667 0
115.164 0 0.666 0
115.291 0 0.666333 0
115.417 0 0.663667 0
115.547 0 0.642333 0
115.673 0 0.658333 0
115.806 0 0.660667 0
115.936 0 0.662 0
116.068 0 0.657 0
116.198 0 0.668667 0
116.328 0 0.650333 0
116.459 0 0.640333 0
116.594 0 0.658333 0
116.726 0 0.658 0
116.858 0 0.655333 0
116.99 0 0.648667 0
117.128 0 0.657333 0
117.258 0 0.647 0
117.395 0 0.659333 0
117.528 0 0.663667 0
117.664 0 0.665 0
117.804 0 0.653667 0
117.942 0 0.666667 0
118.08 0 0.663333 0
118.221 0 0.647667 0
118.358 0 0.657667 0
118.5 0 0.657333 0
118.638 0 0.663333 0
118.78 0 0.665667 0
118.919 0 0.668333 0
119.062 0 0.654333 0
119.207 0 0.651667 0
119.349 0 0.654667 0
119.496 0 0.662667 0
119.642 0 0.659 0
119.789 0 0.65 0
119.935 0 0.672333 0
120.079 0 0.673333 0
120.224 0 0.664333 0
120.369 0 0.65 0
120.512 0 0.658667 0
120.655 0 0.664 0
120.803 0 0.664333 0
120.957 0 0.666667 0
121.107 0 0.645667 0
121.257 0 0.657 0
121.411 0 0.664667 0
121.555 0 0.669667 0
121.708 0 0.665 0
121.86 0 0.653333 0
122.012 0 0.651 0
122.169 0 0.669333 0
122.326 0 0.654 0
122.478 0 0.665333 0
122.634 0 0.662 0
122.79 0 0.671667 0
122.95 0 0.670333 0
123.109 0 0.67 0
123.266 0 0.656667 0
123.432 0 0.641 0
123.594 0 0.65 0
123.751 0 0.694667 0
123.911 0 0.653333 0
124.071 0 0.664 0
124.234 0 0.658 0
124.405 0 0.674667 0
124.567 0 0.666667 0
124.733 0 0.671667 0
124.903 0 0.673333 0
125.07 0 0.651 0
125.238 0 0.654 0
125.41 0 0.678667 0
125.578 0 0.666333 0
125.749 0 0.650667 0
125.926 0 0.671333 0
126.089 0 0.64 0
126.262 0 0.658667 0
126.438 0 0.656 0
126.61 0 0.668 0
126.783 0 0.672 0
126.962 0 0.66 0
127.14 0 0.652667 0
127.323 0 0.660667 0
127.497 0 0.667667 0
127.68 0 0.666667 0
127.857 0 0.665333 0
128.035 0 0.649333 0
128.217 0 0.657667 0
128.398 0 0.669667 0
128.586 0 0.656667 0
128.769 0 0.653667 0
128.956 0 0.650333 0
129.146 0 0.660333 0
129.329 0 0.66 0
129.514 0 0.659333 0
129.711 0 0.661667 0
129.904 0 0.667667 0
130.092 0 0.666333 0
130.288 0 0.66 0
130.481 0 0.673667 0
130.677 0 0.669333 0
130.883 0 0.663333 0
131.08 0 0.674667 0
131.282 0 0.653667 0
131.48 0 0.673 0
131.685 0 0.664333 0
131.884 0 0.666333 0
132.083 0 0.665333 0
132.295 0 0.666667 0
132.497 0 0.679667 0
132.705 0 0.656333 0
132.906 0 0.667333 0
133.116 0 0.656667 0
133.325 0 0.662 0
133.548 0 0.649333 0
133.759 0 0.661 0
133.97 0 0.664333 0
134.185 0 0.664 0
134.398 0 0.653333 0
134.617 0 0.662 0
134.834 0 0.658333 0
135.05 0 0.664 0
135.274 0 0.663333 0
135.496 0 0.671 0
135.716 0 0.667 0
135.936 0 0.659667 0
136.168 0 0.664667 0
136.389 0 0.659667 0
136.623 0 0.646333 0
136.845 0 0.656333 0
137.067 0 0.655333 0
137.297 0 0.649667 0
137.524 0 0.656667 0
137.763 0 0.666333 0
138 0 0.661 0
138.238 0 0.668667 0
138.482 0 0.657667 0
138.725 0 0.684 0
138.975 0 0.664667 0
139.227 0 0.659333 0
139.476 0 0.661333 0
139.727 0 0.650667 0
139.976 0 0.659 0
140.23 0 0.670667 0
140.487 0 0.660667 0
140.735 0 0.683333 0
140.996 0 0.675333 0
141.254 0 0.657333 0
141.52 0 0.661667 0
141.79 0 0.676333 0
142.057 0 0.67 0
142.322 0 0.655667 0
142.588 0 0.658 0
142.867 0 0.643 0
143.147 0 0.648333 0
143.416 0 0.649333 0
143.697 0 0.658667 0
143.97 0 0.656333 0
144.263 0 0.654667 0
144.539 0 0.658 0
144.813 0 0.661333 0
145.107 0 0.660667 0
145.395 0 0.649667 0
145.684 0 0.660333 0
145.982 0 0.678333 0
146.279 0 0.660667 0
146.579 0 0.663 0
146.883 0 0.655 0
147.189 0 0.657 0
147.515 0 0.632333 0
147.829 0 0.662 0
148.133 0 0.663333 0
148.441 0 0.652 0
148.761 0 0.647 0
149.075 0 0.664333 0
149.405 0 0.653333 0
149.738 0 0.655 0
150.065 0 0.672 0
150.413 0 0.639667 0
150.741 0 0.655 0
151.072 0 0.652 0
151.414 0 0.656333 0
151.754 0 0.679667 0
152.09 0 0.659667 0
152.447 0 0.664 0
152.794 0 0.630333 0
153.146 0 0.665333 0
153.506 0 0.659333 0
153.874 0 0.659 0
154.251 0 0.666 0
154.62 0 0.652 0
154.995 0 0.658333 0
155.377 0 0.646667 0
155.765 0 0.657667 0
156.16 0 0.656 0
156.543 0 0.648333 0
156.938 0 0.639667 0
157.337 0 0.649333 0
157.732 0 0.652 0
158.125 0 0.651 0
158.533 0 0.649667 0
158.955 0 0.642 0
159.388 0 0.641333 0
159.814 0 0.653 0
160.246 0 0.632 0
160.68 0 0.648667 0
161.131 0 0.631667 0
161.574 0 0.642 0
162.023 0 0.645 0
162.489 0 0.647667 0
162.947 0 0.658333 0
163.416 0 0.638333 0
163.895 0 0.654 0
164.38 0 0.627667 0
164.859 0 0.648667 0
165.357 0 0.642667 0
165.869 0 0.648 0
166.373 0 0.66 0
166.891 0 0.648 0
167.385 0 0.654 0
167.903 0 0.655 0
168.423 0 0.63 0
168.96 0 0.654333 0
169.494 0 0.643 0
170.039 0 0.653 0
170.615 0 0.64 0
171.19 0 0.649 0
171.761 0 0.651667 0
172.36 0 0.643 0
172.953 0 0.622 0
173.546 0 0.658333 0
174.166 0 0.64 0
174.771 0 0.647333 0
175.412 0 0.645 0
176.057 0 0.638 0
176.723 0 0.637 0
177.416 0 0.645333 0
178.099 0 0.636667 0
178.779 0 0.614 0
179.465 0 0.634 0
180.175 0 0.633667 0
180.883 0 0.637667 0
181.624 0 0.645667 0
182.404 0 0.618333 0
183.154 0 0.644667 0
183.944 0 0.622667 0
184.735 0 0.626 0
185.536 0 0.639667 0
186.36 0 0.634 0
187.19 0 0.618667 0
188.041 0 0.631 0
188.913 0 0.635333 0
189.813 0 0.637 0
190.726 0 0.638667 0
191.66 0 0.631333 0
192.625 0 0.637333 0
193.594 0 0.623333 0
194.608 0 0.624 0
195.666 0 0.613667 0
196.72 0 0.637 0
197.795 0 0.627 0
198.892 0 0.630333 0
200.004 0 0.629 0
201.157 0 0.626 0
202.371 0 0.62 0
203.641 0 0.623333 0
204.914 0 0.607667 0
206.195 0 0.614667 0
207.52 0 0.603 0
208.867 0 0.639333 0
210.304 0 0.605333 0
211.721 0 0.624 0
213.28 0 0.619 0
214.776 0 0.617 0
216.391 0 0.611667 0
218.061 0 0.600667 0
219.823 0 0.599 0
221.611 0 0.603 0
223.432 0 0.617 0
225.371 0 0.602333 0
227.382 0 0.597333 0
229.528 0 0.585333 0
231.671 0 0.598667 0
234.005 0 0.578333 0
236.435 0 0.589333 0
238.97 0 0.597333 0
241.618 0 0.603667 0
244.405 0 0.576667 0
247.363 0 0.590333 0
250.564 0 0.581667 0
253.839 0 0.584667 0
257.412 0 0.592333 0
261.249 0 0.56 0
265.389 0 0.574333 0
269.792 0 0.555333 0
274.548 0 0.569333 0
279.85 0 0.533 0
285.778 0 0.558667 0
292.275 0 0.529333 0
299.357 0 0.540667 0
307.406 0 0.540333 0
316.716 0 0.528667 0
327.18 0 0.512667 0
339.847 0 0.519 0
354.756 0 0.515333 0
373.529 0 0.514 0
397.531 0 0.483 0
431.405 0 0.474667 0
489.2 0 0.429638 0
