40 0 0.140667 0
41.4825 0 0.137333 0
43.0417 0 0.143667 0
44.6819 0 0.147 0
46.3908 0 0.158333 0
48.2011 0 0.150667 0
50.1434 0 0.148667 0
52.2067 0 0.152333 0
54.4006 0 0.163667 0
56.7152 0 0.136667 0
59.2191 0 0.156 0
61.9222 0 0.16 0
64.8492 0 0.158333 0
67.918 0 0.153 0
71.2344 0 0.152667 0
74.9754 0 0.155333 0
79.0744 0 0.157667 0
83.6518 0 0.156333 0
88.6007 0 0.148333 0
94.4573 0 0.155333 0
101.029 0 0.155 0
108.55 0 0.150333 0
117.559 0 0.154667 0
128.437 0 0.139667 0
142.269 0 0.163 0
160.759 0 0.158 0
188.832 0 0.134851 0
